== 粗差检测统计 ==
1-2（ID 205021-205022）: 公共点 258，候选粗差 50，筛选后(4-100σ) 50
2-3（ID 205022-205023）: 公共点 260，候选粗差 51，筛选后(4-100σ) 51

影像对 1-2（ID 205021-205022） 粗差点（4-100σ）：
PointID	误差(σ)	绝对值(σ)
81	87.780969	87.780969
220	17.626553	17.626553
235	16.537396	16.537396
330	-50.134647	50.134647
452	60.295755	60.295755
821	-81.029163	81.029163
874	-40.221219	40.221219
1078	97.722718	97.722718
1130	-88.838492	88.838492
1252	79.692353	79.692353
1276	31.017107	31.017107
1340	-49.390224	49.390224
1505	-60.422073	60.422073
1832	-64.127942	64.127942
2316	-28.344457	28.344457
2666	-28.188261	28.188261
2844	-59.522669	59.522669
3077	39.759507	39.759507
3107	62.163686	62.163686
3567	-73.570406	73.570406
3808	-17.236188	17.236188
3878	-91.249421	91.249421
3914	11.929168	11.929168
4017	-56.827993	56.827993
4036	10.164369	10.164369
4553	89.463260	89.463260
4606	95.480160	95.480160
4641	-6.128849	6.128849
4976	-41.635398	41.635398
4986	94.310599	94.310599
5211	97.368491	97.368491
5732	53.660707	53.660707
5777	41.330524	41.330524
5918	32.414523	32.414523
5947	-84.503906	84.503906
6133	32.741680	32.741680
6412	-80.352608	80.352608
6463	-37.029474	37.029474
6527	28.358538	28.358538
6612	-70.307824	70.307824
6658	56.102034	56.102034
6737	-18.719343	18.719343
6894	37.469939	37.469939
7042	-77.569290	77.569290
7053	26.383788	26.383788
7089	43.875876	43.875876
7243	-57.262244	57.262244
7362	78.864493	78.864493
7446	23.963410	23.963410
7646	54.094559	54.094559

影像对 2-3（ID 205022-205023） 粗差点（4-100σ）：
PointID	误差(σ)	绝对值(σ)
173	-95.645147	95.645147
452	-60.161505	60.161505
502	40.975373	40.975373
646	-48.869417	48.869417
821	81.154647	81.154647
874	40.207313	40.207313
1078	-97.345782	97.345782
1130	88.752779	88.752779
1340	49.205323	49.205323
1465	-51.926212	51.926212
1505	60.333889	60.333889
1832	64.184562	64.184562
1837	-25.817896	25.817896
2020	-53.391640	53.391640
2906	-66.682313	66.682313
3389	-31.623915	31.623915
3451	92.875194	92.875194
3567	73.129357	73.129357
3914	-11.882967	11.882967
4017	56.578292	56.578292
4543	63.073313	63.073313
4986	-93.925830	93.925830
5161	28.954182	28.954182
5732	44.446204	44.446204
5757	-32.564365	32.564365
5947	-44.894951	44.894951
6463	-40.756284	40.756284
6612	70.256602	70.256602
6737	-61.195425	61.195425
7042	77.437105	77.437105
7053	-26.310609	26.310609
7065	92.961643	92.961643
7260	70.811532	70.811532
7501	14.652603	14.652603
8245	12.737763	12.737763
8492	72.953188	72.953188
8937	-82.048537	82.048537
9127	76.324000	76.324000
9300	-66.294539	66.294539
10691	54.931161	54.931161
10833	-9.061724	9.061724
10936	99.379093	99.379093
11394	89.594440	89.594440
12017	90.603069	90.603069
12200	4.454939	4.454939
12426	65.127248	65.127248
13330	-13.310398	13.310398
13496	-60.123665	60.123665
200000002	-55.019836	55.019836
200000004	-40.434606	40.434606
200000005	11.700808	11.700808

== 1-2 与 2-3 合并列表 ==
影像对	PointID	误差(σ)	绝对值(σ)
1-2（ID 205021-205022）	81	87.780969	87.780969
1-2（ID 205021-205022）	220	17.626553	17.626553
1-2（ID 205021-205022）	235	16.537396	16.537396
1-2（ID 205021-205022）	330	-50.134647	50.134647
1-2（ID 205021-205022）	452	60.295755	60.295755
1-2（ID 205021-205022）	821	-81.029163	81.029163
1-2（ID 205021-205022）	874	-40.221219	40.221219
1-2（ID 205021-205022）	1078	97.722718	97.722718
1-2（ID 205021-205022）	1130	-88.838492	88.838492
1-2（ID 205021-205022）	1252	79.692353	79.692353
1-2（ID 205021-205022）	1276	31.017107	31.017107
1-2（ID 205021-205022）	1340	-49.390224	49.390224
1-2（ID 205021-205022）	1505	-60.422073	60.422073
1-2（ID 205021-205022）	1832	-64.127942	64.127942
1-2（ID 205021-205022）	2316	-28.344457	28.344457
1-2（ID 205021-205022）	2666	-28.188261	28.188261
1-2（ID 205021-205022）	2844	-59.522669	59.522669
1-2（ID 205021-205022）	3077	39.759507	39.759507
1-2（ID 205021-205022）	3107	62.163686	62.163686
1-2（ID 205021-205022）	3567	-73.570406	73.570406
1-2（ID 205021-205022）	3808	-17.236188	17.236188
1-2（ID 205021-205022）	3878	-91.249421	91.249421
1-2（ID 205021-205022）	3914	11.929168	11.929168
1-2（ID 205021-205022）	4017	-56.827993	56.827993
1-2（ID 205021-205022）	4036	10.164369	10.164369
1-2（ID 205021-205022）	4553	89.463260	89.463260
1-2（ID 205021-205022）	4606	95.480160	95.480160
1-2（ID 205021-205022）	4641	-6.128849	6.128849
1-2（ID 205021-205022）	4976	-41.635398	41.635398
1-2（ID 205021-205022）	4986	94.310599	94.310599
1-2（ID 205021-205022）	5211	97.368491	97.368491
1-2（ID 205021-205022）	5732	53.660707	53.660707
1-2（ID 205021-205022）	5777	41.330524	41.330524
1-2（ID 205021-205022）	5918	32.414523	32.414523
1-2（ID 205021-205022）	5947	-84.503906	84.503906
1-2（ID 205021-205022）	6133	32.741680	32.741680
1-2（ID 205021-205022）	6412	-80.352608	80.352608
1-2（ID 205021-205022）	6463	-37.029474	37.029474
1-2（ID 205021-205022）	6527	28.358538	28.358538
1-2（ID 205021-205022）	6612	-70.307824	70.307824
1-2（ID 205021-205022）	6658	56.102034	56.102034
1-2（ID 205021-205022）	6737	-18.719343	18.719343
1-2（ID 205021-205022）	6894	37.469939	37.469939
1-2（ID 205021-205022）	7042	-77.569290	77.569290
1-2（ID 205021-205022）	7053	26.383788	26.383788
1-2（ID 205021-205022）	7089	43.875876	43.875876
1-2（ID 205021-205022）	7243	-57.262244	57.262244
1-2（ID 205021-205022）	7362	78.864493	78.864493
1-2（ID 205021-205022）	7446	23.963410	23.963410
1-2（ID 205021-205022）	7646	54.094559	54.094559
2-3（ID 205022-205023）	173	-95.645147	95.645147
2-3（ID 205022-205023）	452	-60.161505	60.161505
2-3（ID 205022-205023）	502	40.975373	40.975373
2-3（ID 205022-205023）	646	-48.869417	48.869417
2-3（ID 205022-205023）	821	81.154647	81.154647
2-3（ID 205022-205023）	874	40.207313	40.207313
2-3（ID 205022-205023）	1078	-97.345782	97.345782
2-3（ID 205022-205023）	1130	88.752779	88.752779
2-3（ID 205022-205023）	1340	49.205323	49.205323
2-3（ID 205022-205023）	1465	-51.926212	51.926212
2-3（ID 205022-205023）	1505	60.333889	60.333889
2-3（ID 205022-205023）	1832	64.184562	64.184562
2-3（ID 205022-205023）	1837	-25.817896	25.817896
2-3（ID 205022-205023）	2020	-53.391640	53.391640
2-3（ID 205022-205023）	2906	-66.682313	66.682313
2-3（ID 205022-205023）	3389	-31.623915	31.623915
2-3（ID 205022-205023）	3451	92.875194	92.875194
2-3（ID 205022-205023）	3567	73.129357	73.129357
2-3（ID 205022-205023）	3914	-11.882967	11.882967
2-3（ID 205022-205023）	4017	56.578292	56.578292
2-3（ID 205022-205023）	4543	63.073313	63.073313
2-3（ID 205022-205023）	4986	-93.925830	93.925830
2-3（ID 205022-205023）	5161	28.954182	28.954182
2-3（ID 205022-205023）	5732	44.446204	44.446204
2-3（ID 205022-205023）	5757	-32.564365	32.564365
2-3（ID 205022-205023）	5947	-44.894951	44.894951
2-3（ID 205022-205023）	6463	-40.756284	40.756284
2-3（ID 205022-205023）	6612	70.256602	70.256602
2-3（ID 205022-205023）	6737	-61.195425	61.195425
2-3（ID 205022-205023）	7042	77.437105	77.437105
2-3（ID 205022-205023）	7053	-26.310609	26.310609
2-3（ID 205022-205023）	7065	92.961643	92.961643
2-3（ID 205022-205023）	7260	70.811532	70.811532
2-3（ID 205022-205023）	7501	14.652603	14.652603
2-3（ID 205022-205023）	8245	12.737763	12.737763
2-3（ID 205022-205023）	8492	72.953188	72.953188
2-3（ID 205022-205023）	8937	-82.048537	82.048537
2-3（ID 205022-205023）	9127	76.324000	76.324000
2-3（ID 205022-205023）	9300	-66.294539	66.294539
2-3（ID 205022-205023）	10691	54.931161	54.931161
2-3（ID 205022-205023）	10833	-9.061724	9.061724
2-3（ID 205022-205023）	10936	99.379093	99.379093
2-3（ID 205022-205023）	11394	89.594440	89.594440
2-3（ID 205022-205023）	12017	90.603069	90.603069
2-3（ID 205022-205023）	12200	4.454939	4.454939
2-3（ID 205022-205023）	12426	65.127248	65.127248
2-3（ID 205022-205023）	13330	-13.310398	13.310398
2-3（ID 205022-205023）	13496	-60.123665	60.123665
2-3（ID 205022-205023）	200000002	-55.019836	55.019836
2-3（ID 205022-205023）	200000004	-40.434606	40.434606
2-3（ID 205022-205023）	200000005	11.700808	11.700808